1
2.1
3.2
4.3
5.4
6.5
7.6
8.7
9.8
10.9
12
13.1
14.2
15.3
16.4
17.5
18.6
19.7
20.8
21.9
23
24.1
25.2
26.3
27.4
28.5
29.6
30.7
31.8
32.9
34
35.1
36.2
37.3
38.4
39.5
40.6
41.7
42.8
43.9
45
46.1
47.2
48.3
49.4
50.5
51.6
52.7
53.8
54.9
56
57.1
58.2
59.3
60.4
61.5
62.6
63.7
64.8
65.9
67
68.1
69.2
70.3
71.4
72.5
73.6
74.7
75.8
76.9
78
79.1
80.2
81.3
82.4
83.5
84.6
85.7
86.8
87.9
89
90.1
91.2
92.3
93.4
94.5
95.6
96.7
97.8
98.9
100
101.1
102.2
103.3
104.4
105.5
106.6
107.7
108.8
109.9
111
112.1
113.2
114.3
115.4
116.5
117.6
118.7
119.8
120.9
122
123.1
124.2
125.3
126.4
127.5
128.6
129.7
130.8
131.9
133
134.1
135.2
136.3
137.4
138.5
139.6
140.7
141.8
142.9
144
145.1
146.2
147.3
148.4
149.5
150.6
151.7
152.8
153.9
155
156.1
157.2
158.3
159.4
160.5
161.6
162.7
163.8
164.9
166
167.1
168.2
169.3
170.4
171.5
172.6
173.7
174.8
175.9
177
178.1
179.2
180.3
181.4
182.5
183.6
184.7
185.8
186.9
188
189.1
190.2
191.3
192.4
193.5
194.6
195.7
196.8
197.9
199
200.1
201.2
202.3
203.4
204.5
205.6
206.7
207.8
208.9
210
211.1
212.2
213.3
214.4
215.5
216.6
217.7
218.8
219.9
221
222.1
223.2
224.3
225.4
226.5
227.6
228.7
229.8
230.9
232
233.1
234.2
235.3
236.4
237.5
238.6
239.7
240.8
241.9
243
244.1
245.2
246.3
247.4
248.5
249.6
250.7
251.8
252.9
254
255.1
256.2
257.3
258.4
259.5
260.6
261.7
262.8
263.9
265
266.1
267.2
268.3
269.4
270.5
271.6
272.7
273.8
274.9
276
277.1
278.2
279.3
280.4
281.5
282.6
283.7
284.8
285.9
287
288.1
289.2
290.3
291.4
292.5
293.6
294.7
295.8
296.9
298
299.1
300.2
301.3
302.4
303.5
304.6
305.7
306.8
307.9
309
310.1
311.2
312.3
313.4
314.5
315.6
316.7
317.8
318.9
320
321.1
322.2
323.3
324.4
325.5
326.6
327.7
328.8
329.9
331
332.1
333.2
334.3
335.4
336.5
337.6
338.7
339.8
340.9
342
343.1
344.2
345.3
346.4
347.5
348.6
349.7
350.8
351.9
353
354.1
355.2
356.3
357.4
358.5
359.6
360.7
361.8
362.9
364
365.1
366.2
367.3
368.4
369.5
370.6
371.7
372.8
373.9
375
376.1
377.2
378.3
379.4
380.5
381.6
382.7
383.8
384.9
386
387.1
388.2
389.3
390.4
391.5
392.6
393.7
394.8
395.9
397
398.1
399.2
400.3
401.4
402.5
403.6
404.7
405.8
406.9
408
409.1
410.2
411.3
412.4
413.5
414.6
415.7
416.8
417.9
419
420.1
421.2
422.3
423.4
424.5
425.6
426.7
427.8
428.9
430
431.1
432.2
433.3
434.4
435.5
436.6
437.7
438.8
439.9
441
442.1
443.2
444.3
445.4
446.5
447.6
448.7
449.8
450.9
452
453.1
454.2
455.3
456.4
457.5
458.6
459.7
460.8
461.9
463
464.1
465.2
466.3
467.4
468.5
469.6
470.7
471.8
472.9
474
475.1
476.2
477.3
478.4
479.5
480.6
481.7
482.8
483.9
485
486.1
487.2
488.3
489.4
490.5
491.6
492.7
493.8
494.9
496
497.1
498.2
499.3
500.4
501.5
502.6
503.7
504.8
505.9
507
508.1
509.2
510.3
511.4
512.5
513.6
514.7
515.8
516.9
518
519.1
520.2
521.3
522.4
523.5
524.6
525.7
526.8
527.9
529
530.1
531.2
532.3
533.4
534.5
535.6
536.7
537.8
538.9
540
541.1
542.2
543.3
544.4
545.5
546.6
547.7
548.8
549.9
551
552.1
553.2
554.3
555.4
556.5
557.6
558.7
559.8
560.9
562
563.1
564.2
565.3
566.4
567.5
568.6
569.7
570.8
571.9
573
574.1
575.2
576.3
577.4
578.5
579.6
580.7
581.8
582.9
584
585.1
586.2
587.3
588.4
589.5
590.6
591.7
592.8
593.9
595
596.1
597.2
598.3
599.4
600.5
601.6
602.7
603.8
604.9
606
607.1
608.2
609.3
610.4
611.5
612.6
613.7
614.8
615.9
617
618.1
619.2
620.3
621.4
622.5
623.6
624.7
625.8
626.9
628
629.1
630.2
631.3
632.4
633.5
634.6
635.7
636.8
637.9
639
640.1
641.2
642.3
643.4
644.5
645.6
646.7
647.8
648.9
650
651.1
652.2
653.3
654.4
655.5
656.6
657.7
658.8
659.9
661
662.1
663.2
664.3
665.4
666.5
667.6
668.7
669.8
670.9
672
673.1
674.2
675.3
676.4
677.5
678.6
679.7
680.8
681.9
683
684.1
685.2
686.3
687.4
688.5
689.6
690.7
691.8
692.9
694
695.1
696.2
697.3
698.4
699.5
700.6
701.7
702.8
703.9
705
706.1
707.2
708.3
709.4
710.5
711.6
712.7
713.8
714.9
716
717.1
718.2
719.3
720.4
721.5
722.6
723.7
724.8
725.9
727
728.1
729.2
730.3
731.4
732.5
733.6
734.7
735.8
736.9
738
739.1
740.2
741.3
742.4
743.5
744.6
745.7
746.8
747.9
749
750.1
751.2
752.3
753.4
754.5
755.6
756.7
757.8
758.9
760
761.1
762.2
763.3
764.4
765.5
766.6
767.7
768.8
769.9
771
772.1
773.2
774.3
775.4
776.5
777.6
778.7
779.8
780.9
782
783.1
784.2
785.3
786.4
787.5
788.6
789.7
790.8
791.9
793
794.1
795.2
796.3
797.4
798.5
799.6
800.7
801.8
802.9
804
805.1
806.2
807.3
808.4
809.5
810.6
811.7
812.8
813.9
815
816.1
817.2
818.3
819.4
820.5
821.6
822.7
823.8
824.9
826
827.1
828.2
829.3
830.4
831.5
832.6
833.7
834.8
835.9
837
838.1
839.2
840.3
841.4
842.5
843.6
844.7
845.8
846.9
848
849.1
850.2
851.3
852.4
853.5
854.6
855.7
856.8
857.9
859
860.1
861.2
862.3
863.4
864.5
865.6
866.7
867.8
868.9
870
871.1
872.2
873.3
874.4
875.5
876.6
877.7
878.8
879.9
881
882.1
883.2
884.3
885.4
886.5
887.6
888.7
889.8
890.9
892
893.1
894.2
895.3
896.4
897.5
898.6
899.7
900.8
901.9
903
904.1
905.2
906.3
907.4
908.5
909.6
910.7
911.8
912.9
914
915.1
916.2
917.3
918.4
919.5
920.6
921.7
922.8
923.9
925
926.1
927.2
928.3
929.4
930.5
931.6
932.7
933.8
934.9
936
937.1
938.2
939.3
940.4
941.5
942.6
943.7
944.8
945.9
947
948.1
949.2
950.3
951.4
952.5
953.6
954.7
955.8
956.9
958
959.1
960.2
961.3
962.4
963.5
964.6
965.7
966.8
967.9
969
970.1
971.2
972.3
973.4
974.5
975.6
976.7
977.8
978.9
980
981.1
982.2
983.3
984.4
985.5
986.6
987.7
988.8
989.9
991
992.1
993.2
994.3
995.4
996.5
997.6
998.7
999.8
1000.9
1002
1003.1
1004.2
1005.3
1006.4
1007.5
1008.6
1009.7
1010.8
1011.9
1013
1014.1
1015.2
1016.3
1017.4
1018.5
1019.6
1020.7
1021.8
1022.9
1024
1025.1
1026.2
1027.3
1028.4
1029.5
1030.6
1031.7
1032.8
1033.9
1035
1036.1
1037.2
1038.3
1039.4
1040.5
1041.6
1042.7
1043.8
1044.9
1046
1047.1
1048.2
1049.3
1050.4
1051.5
1052.6
1053.7
1054.8
1055.9
1057
1058.1
1059.2
1060.3
1061.4
1062.5
1063.6
1064.7
1065.8
1066.9
1068
1069.1
1070.2
1071.3
1072.4
1073.5
1074.6
1075.7
1076.8
1077.9
1079
1080.1
1081.2
1082.3
1083.4
1084.5
1085.6
1086.7
1087.8
1088.9
1090
1091.1
1092.2
1093.3
1094.4
1095.5
1096.6
1097.7
1098.8
1099.9
1101
1102.1
1103.2
1104.3
1105.4
1106.5
1107.6
1108.7
1109.8
1110.9
1112
1113.1
1114.2
1115.3
1116.4
1117.5
1118.6
1119.7
1120.8
1121.9
1123
1124.1
1125.2
1126.3
1127.4
1128.5
1129.6
1130.7
1131.8
1132.9
1134
1135.1
1136.2
1137.3
1138.4
1139.5
1140.6
1141.7
1142.8
1143.9
1145
1146.1
1147.2
1148.3
1149.4
1150.5
1151.6
1152.7
1153.8
1154.9
1156
1157.1
1158.2
1159.3
1160.4
1161.5
1162.6
1163.7
1164.8
1165.9
1167
1168.1
1169.2
1170.3
1171.4
1172.5
1173.6
1174.7
1175.8
1176.9
1178
1179.1
1180.2
1181.3
1182.4
1183.5
1184.6
1185.7
1186.8
1187.9
1189
1190.1
1191.2
1192.3
1193.4
1194.5
1195.6
1196.7
1197.8
1198.9
1200
1201.1
1202.2
1203.3
1204.4
1205.5
1206.6
1207.7
1208.8
1209.9
1211
1212.1
1213.2
1214.3
1215.4
1216.5
1217.6
1218.7
1219.8
1220.9
1222
1223.1
1224.2
1225.3
1226.4
1227.5
1228.6
1229.7
1230.8
1231.9
1233
1234.1
1235.2
1236.3
1237.4
1238.5
1239.6
1240.7
1241.8
1242.9
1244
1245.1
1246.2
1247.3
1248.4
1249.5
1250.6
1251.7
1252.8
1253.9
1255
1256.1
1257.2
1258.3
1259.4
1260.5
1261.6
1262.7
1263.8
1264.9
1266
1267.1
1268.2
1269.3
1270.4
1271.5
1272.6
1273.7
1274.8
1275.9
1277
1278.1
1279.2
1280.3
1281.4
1282.5
1283.6
1284.7
1285.8
1286.9
1288
1289.1
1290.2
1291.3
1292.4
1293.5
1294.6
1295.7
1296.8
1297.9
1299
1300.1
1301.2
1302.3
1303.4
1304.5
1305.6
1306.7
1307.8
1308.9
1310
1311.1
1312.2
1313.3
1314.4
1315.5
1316.6
1317.7
1318.8
1319.9
1321
1322.1
1323.2
1324.3
1325.4
1326.5
1327.6
1328.7
1329.8
1330.9
1332
1333.1
1334.2
1335.3
1336.4
1337.5
1338.6
1339.7
1340.8
1341.9
1343
1344.1
1345.2
1346.3
1347.4
1348.5
1349.6
1350.7
1351.8
1352.9
1354
1355.1
1356.2
1357.3
1358.4
1359.5
1360.6
1361.7
1362.8
1363.9
1365
1366.1
1367.2
1368.3
1369.4
1370.5
1371.6
1372.7
1373.8
1374.9
1376
1377.1
1378.2
1379.3
1380.4
1381.5
1382.6
1383.7
1384.8
1385.9
1387
1388.1
1389.2
1390.3
1391.4
1392.5
1393.6
1394.7
1395.8
1396.9
1398
1399.1
1400.2
1401.3
1402.4
1403.5
1404.6
1405.7
1406.8
1407.9
1409
1410.1
1411.2
1412.3
1413.4
1414.5
1415.6
1416.7
1417.8
1418.9
1420
1421.1
1422.2
1423.3
1424.4
1425.5
1426.6
1427.7
1428.8
1429.9
1431
1432.1
1433.2
1434.3
1435.4
1436.5
1437.6
1438.7
1439.8
1440.9
1442
1443.1
1444.2
1445.3
1446.4
1447.5
1448.6
1449.7
1450.8
1451.9
1453
1454.1
1455.2
1456.3
1457.4
1458.5
1459.6
1460.7
1461.8
1462.9
1464
1465.1
1466.2
1467.3
1468.4
1469.5
1470.6
1471.7
1472.8
1473.9
1475
1476.1
1477.2
1478.3
1479.4
1480.5
1481.6
1482.7
1483.8
1484.9
1486
1487.1
1488.2
1489.3
1490.4
1491.5
1492.6
1493.7
1494.8
1495.9
1497
1498.1
1499.2
1500.3
1501.4
1502.5
1503.6
1504.7
1505.8
1506.9
1508
1509.1
1510.2
1511.3
1512.4
1513.5
1514.6
1515.7
1516.8
1517.9
1519
1520.1
1521.2
1522.3
1523.4
1524.5
1525.6
1526.7
1527.8
1528.9
1530
1531.1
1532.2
1533.3
1534.4
1535.5
1536.6
1537.7
1538.8
1539.9
1541
1542.1
1543.2
1544.3
1545.4
1546.5
1547.6
1548.7
1549.8
1550.9
1552
1553.1
1554.2
1555.3
1556.4
1557.5
1558.6
1559.7
1560.8
1561.9
1563
1564.1
1565.2
1566.3
1567.4
1568.5
1569.6
1570.7
1571.8
1572.9
1574
1575.1
1576.2
1577.3
1578.4
1579.5
1580.6
1581.7
1582.8
1583.9
1585
1586.1
1587.2
1588.3
1589.4
1590.5
1591.6
1592.7
1593.8
1594.9
1596
1597.1
1598.2
1599.3
1600.4
1601.5
1602.6
1603.7
1604.8
1605.9
1607
1608.1
1609.2
1610.3
1611.4
1612.5
1613.6
1614.7
1615.8
1616.9
1618
1619.1
1620.2
1621.3
1622.4
1623.5
1624.6
1625.7
1626.8
1627.9
1629
1630.1
1631.2
1632.3
1633.4
1634.5
1635.6
1636.7
1637.8
1638.9
1640
1641.1
1642.2
1643.3
1644.4
1645.5
1646.6
1647.7
1648.8
1649.9
1651
1652.1
1653.2
1654.3
1655.4
1656.5
1657.6
1658.7
1659.8
1660.9
1662
1663.1
1664.2
1665.3
1666.4
1667.5
1668.6
1669.7
1670.8
1671.9
1673
1674.1
1675.2
1676.3
1677.4
1678.5
1679.6
1680.7
1681.8
1682.9
1684
1685.1
1686.2
1687.3
1688.4
1689.5
1690.6
1691.7
1692.8
1693.9
1695
1696.1
1697.2
1698.3
1699.4
1700.5
1701.6
1702.7
1703.8
1704.9
1706
1707.1
1708.2
1709.3
1710.4
1711.5
1712.6
1713.7
1714.8
1715.9
1717
1718.1
1719.2
1720.3
1721.4
1722.5
1723.6
1724.7
1725.8
1726.9
1728
1729.1
1730.2
1731.3
1732.4
1733.5
1734.6
1735.7
1736.8
1737.9
1739
1740.1
1741.2
1742.3
1743.4
1744.5
1745.6
1746.7
1747.8
1748.9
1750
1751.1
1752.2
1753.3
1754.4
1755.5
1756.6
1757.7
1758.8
1759.9
1761
1762.1
1763.2
1764.3
1765.4
1766.5
1767.6
1768.7
1769.8
1770.9
1772
1773.1
1774.2
1775.3
1776.4
1777.5
1778.6
1779.7
1780.8
1781.9
1783
1784.1
1785.2
1786.3
1787.4
1788.5
1789.6
1790.7
1791.8
1792.9
1794
1795.1
1796.2
1797.3
1798.4
1799.5
1800.6
1801.7
1802.8
1803.9
1805
1806.1
1807.2
1808.3
1809.4
1810.5
1811.6
1812.7
1813.8
1814.9
1816
1817.1
1818.2
1819.3
1820.4
1821.5
1822.6
1823.7
1824.8
1825.9
1827
1828.1
1829.2
1830.3
1831.4
1832.5
1833.6
1834.7
1835.8
1836.9
1838
1839.1
1840.2
1841.3
1842.4
1843.5
1844.6
1845.7
1846.8
1847.9
1849
1850.1
1851.2
1852.3
1853.4
1854.5
1855.6
1856.7
1857.8
1858.9
1860
1861.1
1862.2
1863.3
1864.4
1865.5
1866.6
1867.7
1868.8
1869.9
1871
1872.1
1873.2
1874.3
1875.4
1876.5
1877.6
1878.7
1879.8
1880.9
1882
1883.1
1884.2
1885.3
1886.4
1887.5
1888.6
1889.7
1890.8
1891.9
1893
1894.1
1895.2
1896.3
1897.4
1898.5
1899.6
1900.7
1901.8
1902.9
1904
1905.1
1906.2
1907.3
1908.4
1909.5
1910.6
1911.7
1912.8
1913.9
1915
1916.1
1917.1999999999
1918.2999999999
1919.3999999999
1920.4999999999
1921.5999999999
1922.6999999999
1923.7999999999
1924.8999999999
1925.9999999999
1927.0999999999
1928.1999999999
1929.2999999999
1930.3999999999
1931.4999999999
1932.5999999999
1933.6999999999
1934.7999999999
1935.8999999999
1936.9999999999
1938.0999999999
1939.1999999999
1940.2999999999
1941.3999999999
1942.4999999999
1943.5999999999
1944.6999999999
1945.7999999999
1946.8999999999
1947.9999999999
1949.0999999999
1950.1999999999
1951.2999999999
1952.3999999999
1953.4999999999
1954.5999999999
1955.6999999999
1956.7999999999
1957.8999999999
1958.9999999999
1960.0999999999
1961.1999999999
1962.2999999999
1963.3999999999
1964.4999999999
1965.5999999999
1966.6999999999
1967.7999999999
1968.8999999999
1969.9999999999
1971.0999999999
1972.1999999999
1973.2999999999
1974.3999999999
1975.4999999999
1976.5999999999
1977.6999999999
1978.7999999999
1979.8999999999
1980.9999999999
1982.0999999999
1983.1999999999
1984.2999999999
1985.3999999999
1986.4999999999
1987.5999999999
1988.6999999999
1989.7999999999
1990.8999999999
1991.9999999999
1993.0999999999
1994.1999999999
1995.2999999999
1996.3999999999
1997.4999999999
1998.5999999999
1999.6999999999
2000.7999999999
2001.8999999999
2002.9999999999
2004.0999999999
2005.1999999999
2006.2999999999
2007.3999999999
2008.4999999999
2009.5999999999
2010.6999999999
2011.7999999999
2012.8999999999
2013.9999999999
2015.0999999999
2016.1999999999
2017.2999999999
2018.3999999999
2019.4999999999
2020.5999999999
2021.6999999999
2022.7999999999
2023.8999999999
2024.9999999999
2026.0999999999
2027.1999999999
2028.2999999999
2029.3999999999
2030.4999999999
2031.5999999999
2032.6999999999
2033.7999999999
2034.8999999999
2035.9999999999
2037.0999999999
2038.1999999999
2039.2999999999
2040.3999999999
2041.4999999999
2042.5999999999
2043.6999999999
2044.7999999999
2045.8999999999
2046.9999999999
2048.0999999999
2049.1999999999
2050.2999999999
2051.3999999999
2052.4999999999
2053.5999999999
2054.6999999999
2055.7999999999
2056.8999999999
2057.9999999999
2059.0999999999
2060.1999999999
2061.2999999999
2062.3999999999
2063.4999999999
2064.5999999999
2065.6999999999
2066.7999999999
2067.8999999999
2068.9999999999
2070.0999999999
2071.1999999999
2072.2999999999
2073.3999999999
2074.4999999999
2075.5999999999
2076.6999999999
2077.7999999999
2078.8999999999
2079.9999999999
2081.0999999999
2082.1999999999
2083.2999999999
2084.3999999999
2085.4999999999
2086.5999999999
2087.6999999999
2088.7999999999
2089.8999999999
2090.9999999999
2092.0999999999
2093.1999999999
2094.2999999999
2095.3999999999
2096.4999999999
2097.5999999999
2098.6999999999
2099.7999999999
2100.8999999999
2101.9999999999
2103.0999999999
2104.1999999999
2105.2999999999
2106.3999999999
2107.4999999999
2108.5999999999
2109.6999999999
2110.7999999999
2111.8999999999
2112.9999999999
2114.0999999999
2115.1999999999
2116.2999999999
2117.3999999999
2118.4999999999
2119.5999999999
2120.6999999999
2121.7999999999
2122.8999999999
2123.9999999999
2125.0999999999
2126.1999999999
2127.2999999999
2128.3999999999
2129.4999999999
2130.5999999999
2131.6999999999
2132.7999999999
2133.8999999999
2134.9999999999
2136.0999999999
2137.1999999999
2138.2999999999
2139.3999999999
2140.4999999999
2141.5999999999
2142.6999999999
2143.7999999999
2144.8999999999
2145.9999999999
2147.0999999999
2148.1999999999
2149.2999999999
2150.3999999999
2151.4999999999
2152.5999999999
2153.6999999999
2154.7999999999
2155.8999999999
2156.9999999999
2158.0999999999
2159.1999999999
2160.2999999999
2161.3999999999
2162.4999999999
2163.5999999999
2164.6999999999
2165.7999999999
2166.8999999999
2167.9999999999
2169.0999999999
2170.1999999999
2171.2999999999
2172.3999999999
2173.4999999999
2174.5999999999
2175.6999999999
2176.7999999999
2177.8999999999
2178.9999999999
2180.0999999999
2181.1999999999
2182.2999999999
2183.3999999999
2184.4999999999
2185.5999999999
2186.6999999999
2187.7999999999
2188.8999999999
2189.9999999999
2191.0999999999
2192.1999999999
2193.2999999999
2194.3999999999
2195.4999999999
2196.5999999999
2197.6999999999
2198.7999999999
2199.8999999999
2200.9999999999
2202.0999999999
2203.1999999999
2204.2999999999
2205.3999999999
2206.4999999999
2207.5999999999
2208.6999999999
2209.7999999999
2210.8999999999
2211.9999999999
2213.0999999999
2214.1999999999
2215.2999999999
2216.3999999999
2217.4999999999
2218.5999999999
2219.6999999999
2220.7999999999
2221.8999999999
2222.9999999999
2224.0999999999
2225.1999999999
2226.2999999999
2227.3999999999
2228.4999999999
2229.5999999999
2230.6999999999
2231.7999999999
2232.8999999999
2233.9999999999
2235.0999999999
2236.1999999999
2237.2999999999
2238.3999999999
2239.4999999999
2240.5999999999
2241.6999999999
2242.7999999999
2243.8999999999
2244.9999999999
2246.0999999999
2247.1999999999
2248.2999999999
2249.3999999999
2250.4999999999
2251.5999999999
2252.6999999999
2253.7999999999
2254.8999999999
2255.9999999999
2257.0999999999
2258.1999999999
2259.2999999999
2260.3999999999
2261.4999999999
2262.5999999999
2263.6999999999
2264.7999999999
2265.8999999999
2266.9999999999
2268.0999999999
2269.1999999999
2270.2999999999
2271.3999999999
2272.4999999999
2273.5999999999
2274.6999999999
2275.7999999999
2276.8999999999
2277.9999999999
2279.0999999999
2280.1999999999
2281.2999999999
2282.3999999999
2283.4999999999
2284.5999999999
2285.6999999999
2286.7999999999
2287.8999999999
2288.9999999999
2290.0999999999
2291.1999999999
2292.2999999999
2293.3999999999
2294.4999999999
2295.5999999999
2296.6999999999
2297.7999999999
2298.8999999999
2299.9999999999
2301.0999999999
2302.1999999999
2303.2999999999
2304.3999999999
2305.4999999999
2306.5999999999
2307.6999999999
2308.7999999999
2309.8999999999
2310.9999999999
2312.0999999999
2313.1999999999
2314.2999999999
2315.3999999999
2316.4999999999
2317.5999999999
2318.6999999999
2319.7999999999
2320.8999999999
2321.9999999999
2323.0999999999
2324.1999999999
2325.2999999999
2326.3999999999
2327.4999999999
2328.5999999999
2329.6999999999
2330.7999999999
2331.8999999999
2332.9999999999
2334.0999999999
2335.1999999999
2336.2999999999
2337.3999999999
2338.4999999999
2339.5999999999
2340.6999999999
2341.7999999999
2342.8999999999
2343.9999999999
2345.0999999999
2346.1999999999
2347.2999999999
2348.3999999999
2349.4999999999
2350.5999999999
2351.6999999999
2352.7999999999
2353.8999999999
2354.9999999999
2356.0999999999
2357.1999999999
2358.2999999999
2359.3999999999
2360.4999999999
2361.5999999999
2362.6999999999
2363.7999999999
2364.8999999999
2365.9999999999
2367.0999999999
2368.1999999999
2369.2999999999
2370.3999999999
2371.4999999999
2372.5999999999
2373.6999999999
2374.7999999999
2375.8999999999
2376.9999999999
2378.0999999999
2379.1999999999
2380.2999999999
2381.3999999999
2382.4999999999
2383.5999999999
2384.6999999999
2385.7999999999
2386.8999999999
2387.9999999999
2389.0999999999
2390.1999999999
2391.2999999999
2392.3999999999
2393.4999999999
2394.5999999999
2395.6999999999
2396.7999999999
2397.8999999999
2398.9999999999
2400.0999999999
2401.1999999999
2402.2999999999
2403.3999999999
2404.4999999999
2405.5999999999
2406.6999999999
2407.7999999999
2408.8999999999
2409.9999999999
2411.0999999999
2412.1999999999
2413.2999999999
2414.3999999999
2415.4999999999
2416.5999999999
2417.6999999999
2418.7999999999
2419.8999999999
2420.9999999999
2422.0999999999
2423.1999999999
2424.2999999999
2425.3999999999
2426.4999999999
2427.5999999999
2428.6999999999
2429.7999999999
2430.8999999999
2431.9999999999
2433.0999999999
2434.1999999999
2435.2999999999
2436.3999999999
2437.4999999999
2438.5999999999
2439.6999999999
2440.7999999999
2441.8999999999
2442.9999999999
2444.0999999999
2445.1999999999
2446.2999999999
2447.3999999999
2448.4999999999
2449.5999999999
2450.6999999999
2451.7999999999
2452.8999999999
2453.9999999999
2455.0999999999
2456.1999999999
2457.2999999999
2458.3999999999
2459.4999999999
2460.5999999999
2461.6999999999
2462.7999999999
2463.8999999999
2464.9999999999
2466.0999999999
2467.1999999999
2468.2999999999
2469.3999999999
2470.4999999999
2471.5999999999
2472.6999999999
2473.7999999999
2474.8999999999
2475.9999999999
2477.0999999999
2478.1999999999
2479.2999999999
2480.3999999999
2481.4999999999
2482.5999999999
2483.6999999999
2484.7999999999
2485.8999999999
2486.9999999999
2488.0999999999
2489.1999999999
2490.2999999999
2491.3999999999
2492.4999999999
2493.5999999999
2494.6999999999
2495.7999999999
2496.8999999999
2497.9999999999
2499.0999999999
2500.1999999999
2501.2999999999
2502.3999999999
2503.4999999999
2504.5999999999
2505.6999999999
2506.7999999999
2507.8999999999
2508.9999999999
2510.0999999999
2511.1999999999
2512.2999999999
2513.3999999999
2514.4999999999
2515.5999999999
2516.6999999999
2517.7999999999
2518.8999999999
2519.9999999999
2521.0999999999
2522.1999999999
2523.2999999999
2524.3999999999
2525.4999999999
2526.5999999999
2527.6999999999
2528.7999999999
2529.8999999999
2530.9999999999
2532.0999999999
2533.1999999999
2534.2999999999
2535.3999999999
2536.4999999999
2537.5999999999
2538.6999999999
2539.7999999999
2540.8999999999
2541.9999999999
2543.0999999999
2544.1999999999
2545.2999999999
2546.3999999999
2547.4999999999
2548.5999999999
2549.6999999999
2550.7999999999
2551.8999999999
2552.9999999999
2554.0999999999
2555.1999999999
2556.2999999999
2557.3999999999
2558.4999999999
2559.5999999999
2560.6999999999
2561.7999999999
2562.8999999999
2563.9999999999
2565.0999999999
2566.1999999999
2567.2999999999
2568.3999999999
2569.4999999999
2570.5999999999
2571.6999999999
2572.7999999999
2573.8999999999
2574.9999999999
2576.0999999999
2577.1999999999
2578.2999999999
2579.3999999999
2580.4999999999
2581.5999999999
2582.6999999999
2583.7999999999
2584.8999999999
2585.9999999999
2587.0999999999
2588.1999999999
2589.2999999999
2590.3999999999
2591.4999999999
2592.5999999999
2593.6999999999
2594.7999999999
2595.8999999999
2596.9999999999
2598.0999999999
2599.1999999999
2600.2999999999
2601.3999999999
2602.4999999999
2603.5999999999
2604.6999999999
2605.7999999999
2606.8999999999
2607.9999999999
2609.0999999999
2610.1999999999
2611.2999999999
2612.3999999999
2613.4999999999
2614.5999999999
2615.6999999999
2616.7999999999
2617.8999999999
2618.9999999999
2620.0999999999
2621.1999999999
2622.2999999999
2623.3999999999
2624.4999999999
2625.5999999999
2626.6999999999
2627.7999999999
2628.8999999999
2629.9999999999
2631.0999999999
2632.1999999999
2633.2999999999
2634.3999999999
2635.4999999999
2636.5999999999
2637.6999999999
2638.7999999999
2639.8999999999
2640.9999999999
2642.0999999999
2643.1999999999
2644.2999999999
2645.3999999999
2646.4999999999
2647.5999999999
2648.6999999999
2649.7999999999
2650.8999999999
2651.9999999999
2653.0999999999
2654.1999999999
2655.2999999999
2656.3999999999
2657.4999999999
2658.5999999999
2659.6999999999
2660.7999999999
2661.8999999999
2662.9999999999
2664.0999999999
2665.1999999999
2666.2999999999
2667.3999999999
2668.4999999999
2669.5999999999
2670.6999999999
2671.7999999999
2672.8999999999
2673.9999999999
2675.0999999999
2676.1999999999
2677.2999999999
2678.3999999999
2679.4999999999
2680.5999999999
2681.6999999999
2682.7999999999
2683.8999999999
2684.9999999999
2686.0999999999
2687.1999999999
2688.2999999999
2689.3999999999
2690.4999999999
2691.5999999999
2692.6999999999
2693.7999999999
2694.8999999999
2695.9999999999
2697.0999999999
2698.1999999999
2699.2999999999
2700.3999999999
2701.4999999999
2702.5999999999
2703.6999999999
2704.7999999999
2705.8999999999
2706.9999999999
2708.0999999999
2709.1999999999
2710.2999999999
2711.3999999999
2712.4999999999
2713.5999999999
2714.6999999999
2715.7999999999
2716.8999999999
2717.9999999999
2719.0999999999
2720.1999999999
2721.2999999999
2722.3999999999
2723.4999999999
2724.5999999999
2725.6999999999
2726.7999999999
2727.8999999999
2728.9999999999
2730.0999999999
2731.1999999999
2732.2999999999
2733.3999999999
2734.4999999999
2735.5999999999
2736.6999999999
2737.7999999999
2738.8999999999
2739.9999999999
2741.0999999999
2742.1999999999
2743.2999999999
2744.3999999999
2745.4999999999
2746.5999999999
2747.6999999999
2748.7999999999
2749.8999999999
2750.9999999999
2752.0999999999
2753.1999999999
2754.2999999999
2755.3999999999
2756.4999999999
2757.5999999999
2758.6999999999
2759.7999999999
2760.8999999999
2761.9999999999
2763.0999999999
2764.1999999999
2765.2999999999
2766.3999999999
2767.4999999999
2768.5999999999
2769.6999999999
2770.7999999999
2771.8999999999
2772.9999999999
2774.0999999999
2775.1999999999
2776.2999999999
2777.3999999999
2778.4999999999
2779.5999999999
2780.6999999999
2781.7999999999
2782.8999999999
2783.9999999999
2785.0999999999
2786.1999999999
2787.2999999999
2788.3999999999
2789.4999999999
2790.5999999999
2791.6999999999
2792.7999999999
2793.8999999999
2794.9999999999
2796.0999999999
2797.1999999999
2798.2999999999
2799.3999999999
2800.4999999999
2801.5999999999
2802.6999999999
2803.7999999999
2804.8999999999
2805.9999999999
2807.0999999999
2808.1999999999
2809.2999999999
2810.3999999999
2811.4999999999
2812.5999999999
2813.6999999999
2814.7999999999
2815.8999999999
2816.9999999999
2818.0999999999
2819.1999999999
2820.2999999999
2821.3999999999
2822.4999999999
2823.5999999999
2824.6999999999
2825.7999999999
2826.8999999999
2827.9999999999
2829.0999999999
2830.1999999999
2831.2999999999
2832.3999999999
2833.4999999999
2834.5999999999
2835.6999999999
2836.7999999999
2837.8999999999
2838.9999999999
2840.0999999999
2841.1999999999
2842.2999999999
2843.3999999999
2844.4999999999
2845.5999999999
2846.6999999999
2847.7999999999
2848.8999999999
2849.9999999999
2851.0999999999
2852.1999999999
2853.2999999999
2854.3999999999
2855.4999999999
2856.5999999999
2857.6999999999
2858.7999999999
2859.8999999999
2860.9999999999
2862.0999999999
2863.1999999999
2864.2999999999
2865.3999999999
2866.4999999999
2867.5999999999
2868.6999999999
2869.7999999999
2870.8999999999
2871.9999999999
2873.0999999999
2874.1999999999
2875.2999999999
2876.3999999999
2877.4999999999
2878.5999999999
2879.6999999999
2880.7999999999
2881.8999999999
2882.9999999999
2884.0999999999
2885.1999999999
2886.2999999999
2887.3999999999
2888.4999999999
2889.5999999999
2890.6999999999
2891.7999999999
2892.8999999999
2893.9999999999
2895.0999999999
2896.1999999999
2897.2999999999
2898.3999999999
2899.4999999999
2900.5999999999
2901.6999999999
2902.7999999999
2903.8999999999
2904.9999999999
2906.0999999999
2907.1999999999
2908.2999999999
2909.3999999999
2910.4999999999
2911.5999999999
2912.6999999999
2913.7999999999
2914.8999999999
2915.9999999999
2917.0999999999
2918.1999999999
2919.2999999999
2920.3999999999
2921.4999999999
2922.5999999999
2923.6999999999
2924.7999999999
2925.8999999999
2926.9999999999
2928.0999999999
2929.1999999999
2930.2999999999
2931.3999999999
2932.4999999999
2933.5999999999
2934.6999999999
2935.7999999999
2936.8999999999
2937.9999999999
2939.0999999999
2940.1999999999
2941.2999999999
2942.3999999999
2943.4999999999
2944.5999999999
2945.6999999999
2946.7999999999
2947.8999999999
2948.9999999999
2950.0999999999
2951.1999999999
2952.2999999999
2953.3999999999
2954.4999999999
2955.5999999999
2956.6999999999
2957.7999999999
2958.8999999999
2959.9999999999
2961.0999999999
2962.1999999999
2963.2999999999
2964.3999999999
2965.4999999999
2966.5999999999
2967.6999999999
2968.7999999999
2969.8999999999
2970.9999999999
2972.0999999999
2973.1999999999
2974.2999999999
2975.3999999999
2976.4999999999
2977.5999999999
2978.6999999999
2979.7999999999
2980.8999999999
2981.9999999999
2983.0999999999
2984.1999999999
2985.2999999999
2986.3999999999
2987.4999999999
2988.5999999999
2989.6999999999
2990.7999999999
2991.8999999999
2992.9999999999
2994.0999999999
2995.1999999999
2996.2999999999
2997.3999999999
2998.4999999999
2999.5999999999
3000.6999999999
3001.7999999999
3002.8999999999
3003.9999999999
3005.0999999999
3006.1999999999
3007.2999999999
3008.3999999999
3009.4999999999
3010.5999999999
3011.6999999999
3012.7999999999
3013.8999999999
3014.9999999999
3016.0999999999
3017.1999999999
3018.2999999999
3019.3999999999
3020.4999999999
3021.5999999999
3022.6999999999
3023.7999999999
3024.8999999999
3025.9999999999
3027.0999999999
3028.1999999999
3029.2999999999
3030.3999999999
3031.4999999999
3032.5999999999
3033.6999999999
3034.7999999999
3035.8999999999
3036.9999999999
3038.0999999999
3039.1999999999
3040.2999999999
3041.3999999999
3042.4999999999
3043.5999999999
3044.6999999999
3045.7999999999
3046.8999999999
3047.9999999999
3049.0999999999
3050.1999999999
3051.2999999999
3052.3999999999
3053.4999999999
3054.5999999999
3055.6999999999
3056.7999999999
3057.8999999999
3058.9999999999
3060.0999999999
3061.1999999999
3062.2999999999
3063.3999999999
3064.4999999999
3065.5999999999
3066.6999999999
3067.7999999999
3068.8999999999
3069.9999999999
3071.0999999999
3072.1999999999
3073.2999999999
3074.3999999999
3075.4999999999
3076.5999999999
3077.6999999999
3078.7999999999
3079.8999999999
3080.9999999999
3082.0999999999
3083.1999999999
3084.2999999999
3085.3999999999
3086.4999999999
3087.5999999999
3088.6999999999
3089.7999999999
3090.8999999999
3091.9999999999
3093.0999999999
3094.1999999999
3095.2999999999
3096.3999999999
3097.4999999999
3098.5999999999
3099.6999999999
3100.7999999999
3101.8999999999
3102.9999999999
3104.0999999999
3105.1999999999
3106.2999999999
3107.3999999999
3108.4999999999
3109.5999999999
3110.6999999999
3111.7999999999
3112.8999999999
3113.9999999999
3115.0999999999
3116.1999999999
3117.2999999999
3118.3999999999
3119.4999999999
3120.5999999999
3121.6999999999
3122.7999999999
3123.8999999999
3124.9999999999
3126.0999999999
3127.1999999999
3128.2999999999
3129.3999999999
3130.4999999998
3131.5999999998
3132.6999999999
3133.7999999998
3134.8999999998
3135.9999999998
3137.0999999998
3138.1999999998
3139.2999999998
3140.3999999998
3141.4999999998
3142.5999999998
3143.6999999998
3144.7999999998
3145.8999999998
3146.9999999998
3148.0999999998
3149.1999999998
3150.2999999998
3151.3999999998
3152.4999999998
3153.5999999998
3154.6999999998
3155.7999999998
3156.8999999998
3157.9999999998
3159.0999999998
3160.1999999998
3161.2999999998
3162.3999999998
3163.4999999998
3164.5999999998
3165.6999999998
3166.7999999998
3167.8999999998
3168.9999999998
3170.0999999998
3171.1999999998
3172.2999999998
3173.3999999998
3174.4999999998
3175.5999999998
3176.6999999998
3177.7999999998
3178.8999999998
3179.9999999998
3181.0999999998
3182.1999999998
3183.2999999998
3184.3999999998
3185.4999999998
3186.5999999998
3187.6999999998
3188.7999999998
3189.8999999998
3190.9999999998
3192.0999999998
3193.1999999998
3194.2999999998
3195.3999999998
3196.4999999998
3197.5999999998
3198.6999999998
3199.7999999998
3200.8999999998
3201.9999999998
3203.0999999998
3204.1999999998
3205.2999999998
3206.3999999998
3207.4999999998
3208.5999999998
3209.6999999998
3210.7999999998
3211.8999999998
3212.9999999998
3214.0999999998
3215.1999999998
3216.2999999998
3217.3999999998
3218.4999999998
3219.5999999998
3220.6999999998
3221.7999999998
3222.8999999998
3223.9999999998
3225.0999999998
3226.1999999998
3227.2999999998
3228.3999999998
3229.4999999998
3230.5999999998
3231.6999999998
3232.7999999998
3233.8999999998
3234.9999999998
3236.0999999998
3237.1999999998
3238.2999999998
3239.3999999998
3240.4999999998
3241.5999999998
3242.6999999998
3243.7999999998
3244.8999999998
3245.9999999998
3247.0999999998
3248.1999999998
3249.2999999998
3250.3999999998
3251.4999999998
3252.5999999998
3253.6999999998
3254.7999999998
3255.8999999998
3256.9999999998
3258.0999999998
3259.1999999998
3260.2999999998
3261.3999999998
3262.4999999998
3263.5999999998
3264.6999999998
3265.7999999998
3266.8999999998
3267.9999999998
3269.0999999998
3270.1999999998
3271.2999999998
3272.3999999998
3273.4999999998
3274.5999999998
3275.6999999998
3276.7999999998
3277.8999999998
3278.9999999998
3280.0999999998
3281.1999999998
3282.2999999998
3283.3999999998
3284.4999999998
3285.5999999998
3286.6999999998
3287.7999999998
3288.8999999998
3289.9999999998
3291.0999999998
3292.1999999998
3293.2999999998
3294.3999999998
3295.4999999998
3296.5999999998
3297.6999999998
3298.7999999998
3299.8999999998
3300.9999999998
3302.0999999998
3303.1999999998
3304.2999999998
3305.3999999998
3306.4999999998
3307.5999999998
3308.6999999998
3309.7999999998
3310.8999999998
3311.9999999998
3313.0999999998
3314.1999999998
3315.2999999998
3316.3999999998
3317.4999999998
3318.5999999998
3319.6999999998
3320.7999999998
3321.8999999998
3322.9999999998
3324.0999999998
3325.1999999998
3326.2999999998
3327.3999999998
3328.4999999998
3329.5999999998
3330.6999999998
3331.7999999998
3332.8999999998
3333.9999999998
3335.0999999998
3336.1999999998
3337.2999999998
3338.3999999998
3339.4999999998
3340.5999999998
3341.6999999998
3342.7999999998
3343.8999999998
3344.9999999998
3346.0999999998
3347.1999999998
3348.2999999998
3349.3999999998
3350.4999999998
3351.5999999998
3352.6999999998
3353.7999999998
3354.8999999998
3355.9999999998
3357.0999999998
3358.1999999998
3359.2999999998
3360.3999999998
3361.4999999998
3362.5999999998
3363.6999999998
3364.7999999998
3365.8999999998
3366.9999999998
3368.0999999998
3369.1999999998
3370.2999999998
3371.3999999998
3372.4999999998
3373.5999999998
3374.6999999998
3375.7999999998
3376.8999999998
3377.9999999998
3379.0999999998
3380.1999999998
3381.2999999998
3382.3999999998
3383.4999999998
3384.5999999998
3385.6999999998
3386.7999999998
3387.8999999998
3388.9999999998
3390.0999999998
3391.1999999998
3392.2999999998
3393.3999999998
3394.4999999998
3395.5999999998
3396.6999999998
3397.7999999998
3398.8999999998
3399.9999999998
3401.0999999998
3402.1999999998
3403.2999999998
3404.3999999998
3405.4999999998
3406.5999999998
3407.6999999998
3408.7999999998
3409.8999999998
3410.9999999998
3412.0999999998
3413.1999999998
3414.2999999998
3415.3999999998
3416.4999999998
3417.5999999998
3418.6999999998
3419.7999999998
3420.8999999998
3421.9999999998
3423.0999999998
3424.1999999998
3425.2999999998
3426.3999999998
3427.4999999998
3428.5999999998
3429.6999999998
3430.7999999998
3431.8999999998
3432.9999999998
3434.0999999998
3435.1999999998
3436.2999999998
3437.3999999998
3438.4999999998
3439.5999999998
3440.6999999998
3441.7999999998
3442.8999999998
3443.9999999998
3445.0999999998
3446.1999999998
3447.2999999998
3448.3999999998
3449.4999999998
3450.5999999998
3451.6999999998
3452.7999999998
3453.8999999998
3454.9999999998
3456.0999999998
3457.1999999998
3458.2999999998
3459.3999999998
3460.4999999998
3461.5999999998
3462.6999999998
3463.7999999998
3464.8999999998
3465.9999999998
3467.0999999998
3468.1999999998
3469.2999999998
3470.3999999998
3471.4999999998
3472.5999999998
3473.6999999998
3474.7999999998
3475.8999999998
3476.9999999998
3478.0999999998
3479.1999999998
3480.2999999998
3481.3999999998
3482.4999999998
3483.5999999998
3484.6999999998
3485.7999999998
3486.8999999998
3487.9999999998
3489.0999999998
3490.1999999998
3491.2999999998
3492.3999999998
3493.4999999998
3494.5999999998
3495.6999999998
3496.7999999998
3497.8999999998
3498.9999999998
3500.0999999998
3501.1999999998
3502.2999999998
3503.3999999998
3504.4999999998
3505.5999999998
3506.6999999998
3507.7999999998
3508.8999999998
3509.9999999998
3511.0999999998
3512.1999999998
3513.2999999998
3514.3999999998
3515.4999999998
3516.5999999998
3517.6999999998
3518.7999999998
3519.8999999998
3520.9999999998
3522.0999999998
3523.1999999998
3524.2999999998
3525.3999999998
3526.4999999998
3527.5999999998
3528.6999999998
3529.7999999998
3530.8999999998
3531.9999999998
3533.0999999998
3534.1999999998
3535.2999999998
3536.3999999998
3537.4999999998
3538.5999999998
3539.6999999998
3540.7999999998
3541.8999999998
3542.9999999998
3544.0999999998
3545.1999999998
3546.2999999998
3547.3999999998
3548.4999999998
3549.5999999998
3550.6999999998
3551.7999999998
3552.8999999998
3553.9999999998
3555.0999999998
3556.1999999998
3557.2999999998
3558.3999999998
3559.4999999998
3560.5999999998
3561.6999999998
3562.7999999998
3563.8999999998
3564.9999999998
3566.0999999998
3567.1999999998
3568.2999999998
3569.3999999998
3570.4999999998
3571.5999999998
3572.6999999998
3573.7999999998
3574.8999999998
3575.9999999998
3577.0999999998
3578.1999999998
3579.2999999998
3580.3999999998
3581.4999999998
3582.5999999998
3583.6999999998
3584.7999999998
3585.8999999998
3586.9999999998
3588.0999999998
3589.1999999998
3590.2999999998
3591.3999999998
3592.4999999998
3593.5999999998
3594.6999999998
3595.7999999998
3596.8999999998
3597.9999999998
3599.0999999998
3600.1999999998
3601.2999999998
3602.3999999998
3603.4999999998
3604.5999999998
3605.6999999998
3606.7999999998
3607.8999999998
3608.9999999998
3610.0999999998
3611.1999999998
3612.2999999998
3613.3999999998
3614.4999999998
3615.5999999998
3616.6999999998
3617.7999999998
3618.8999999998
3619.9999999998
3621.0999999998
3622.1999999998
3623.2999999998
3624.3999999998
3625.4999999998
3626.5999999998
3627.6999999998
3628.7999999998
3629.8999999998
3630.9999999998
3632.0999999998
3633.1999999998
3634.2999999998
3635.3999999998
3636.4999999998
3637.5999999998
3638.6999999998
3639.7999999998
3640.8999999998
3641.9999999998
3643.0999999998
3644.1999999998
3645.2999999998
3646.3999999998
3647.4999999998
3648.5999999998
3649.6999999998
3650.7999999998
3651.8999999998
3652.9999999998
3654.0999999998
3655.1999999998
3656.2999999998
3657.3999999998
3658.4999999998
3659.5999999998
3660.6999999998
3661.7999999998
3662.8999999998
3663.9999999998
3665.0999999998
3666.1999999998
3667.2999999998
3668.3999999998
3669.4999999998
3670.5999999998
3671.6999999998
3672.7999999998
3673.8999999998
3674.9999999998
3676.0999999998
3677.1999999998
3678.2999999998
3679.3999999998
3680.4999999998
3681.5999999998
3682.6999999998
3683.7999999998
3684.8999999998
3685.9999999998
3687.0999999998
3688.1999999998
3689.2999999998
3690.3999999998
3691.4999999998
3692.5999999998
3693.6999999998
3694.7999999998
3695.8999999998
3696.9999999998
3698.0999999998
3699.1999999998
3700.2999999998
3701.3999999998
3702.4999999998
3703.5999999998
3704.6999999998
3705.7999999998
3706.8999999998
3707.9999999998
3709.0999999998
3710.1999999998
3711.2999999998
3712.3999999998
3713.4999999998
3714.5999999998
3715.6999999998
3716.7999999998
3717.8999999998
3718.9999999998
3720.0999999998
3721.1999999998
3722.2999999998
3723.3999999998
3724.4999999998
3725.5999999998
3726.6999999998
3727.7999999998
3728.8999999998
3729.9999999998
3731.0999999998
3732.1999999998
3733.2999999998
3734.3999999998
3735.4999999998
3736.5999999998
3737.6999999998
3738.7999999998
3739.8999999998
3740.9999999998
3742.0999999998
3743.1999999998
3744.2999999998
3745.3999999998
3746.4999999998
3747.5999999998
3748.6999999998
3749.7999999998
3750.8999999998
3751.9999999998
3753.0999999998
3754.1999999998
3755.2999999998
3756.3999999998
3757.4999999998
3758.5999999998
3759.6999999998
3760.7999999998
3761.8999999998
3762.9999999998
3764.0999999998
3765.1999999998
3766.2999999998
3767.3999999998
3768.4999999998
3769.5999999998
3770.6999999998
3771.7999999998
3772.8999999998
3773.9999999998
3775.0999999998
3776.1999999998
3777.2999999998
3778.3999999998
3779.4999999998
3780.5999999998
3781.6999999998
3782.7999999998
3783.8999999998
3784.9999999998
3786.0999999998
3787.1999999998
3788.2999999998
3789.3999999998
3790.4999999998
3791.5999999998
3792.6999999998
3793.7999999998
3794.8999999998
3795.9999999998
3797.0999999998
3798.1999999998
3799.2999999998
3800.3999999998
3801.4999999998
3802.5999999998
3803.6999999998
3804.7999999998
3805.8999999998
3806.9999999998
3808.0999999998
3809.1999999998
3810.2999999998
3811.3999999998
3812.4999999998
3813.5999999998
3814.6999999998
3815.7999999998
3816.8999999998
3817.9999999998
3819.0999999998
3820.1999999998
3821.2999999998
3822.3999999998
3823.4999999998
3824.5999999998
3825.6999999998
3826.7999999998
3827.8999999998
3828.9999999998
3830.0999999998
3831.1999999998
3832.2999999998
3833.3999999998
3834.4999999998
3835.5999999998
3836.6999999998
3837.7999999998
3838.8999999998
3839.9999999998
3841.0999999998
3842.1999999998
3843.2999999998
3844.3999999998
3845.4999999998
3846.5999999998
3847.6999999998
3848.7999999998
3849.8999999998
3850.9999999998
3852.0999999998
3853.1999999998
3854.2999999998
3855.3999999998
3856.4999999998
3857.5999999998
3858.6999999998
3859.7999999998
3860.8999999998
3861.9999999998
3863.0999999998
3864.1999999998
3865.2999999998
3866.3999999998
3867.4999999998
3868.5999999998
3869.6999999998
3870.7999999998
3871.8999999998
3872.9999999998
3874.0999999998
3875.1999999998
3876.2999999998
3877.3999999998
3878.4999999998
3879.5999999998
3880.6999999998
3881.7999999998
3882.8999999998
3883.9999999998
3885.0999999998
3886.1999999998
3887.2999999998
3888.3999999998
3889.4999999998
3890.5999999998
3891.6999999998
3892.7999999998
3893.8999999998
3894.9999999998
3896.0999999998
3897.1999999998
3898.2999999998
3899.3999999998
3900.4999999998
3901.5999999998
3902.6999999998
3903.7999999998
3904.8999999998
3905.9999999998
3907.0999999998
3908.1999999998
3909.2999999998
3910.3999999998
3911.4999999998
3912.5999999998
3913.6999999998
3914.7999999998
3915.8999999998
3916.9999999998
3918.0999999998
3919.1999999998
3920.2999999998
3921.3999999998
3922.4999999998
3923.5999999998
3924.6999999998
3925.7999999998
3926.8999999998
3927.9999999998
3929.0999999998
3930.1999999998
3931.2999999998
3932.3999999998
3933.4999999998
3934.5999999998
3935.6999999998
3936.7999999998
3937.8999999998
3938.9999999998
3940.0999999998
3941.1999999998
3942.2999999998
3943.3999999998
3944.4999999998
3945.5999999998
3946.6999999998
3947.7999999998
3948.8999999998
3949.9999999998
3951.0999999998
3952.1999999998
3953.2999999998
3954.3999999998
3955.4999999998
3956.5999999998
3957.6999999998
3958.7999999998
3959.8999999998
3960.9999999998
3962.0999999998
3963.1999999998
3964.2999999998
3965.3999999998
3966.4999999998
3967.5999999998
3968.6999999998
3969.7999999998
3970.8999999998
3971.9999999998
3973.0999999998
3974.1999999998
3975.2999999998
3976.3999999998
3977.4999999998
3978.5999999998
3979.6999999998
3980.7999999998
3981.8999999998
3982.9999999998
3984.0999999998
3985.1999999998
3986.2999999998
3987.3999999998
3988.4999999998
3989.5999999998
3990.6999999998
3991.7999999998
3992.8999999998
3993.9999999998
3995.0999999998
3996.1999999998
3997.2999999998
3998.3999999998
3999.4999999998
4000.5999999998
4001.6999999998
4002.7999999998
4003.8999999998
4004.9999999998
4006.0999999998
4007.1999999998
4008.2999999998
4009.3999999998
4010.4999999998
4011.5999999998
4012.6999999998
4013.7999999998
4014.8999999998
4015.9999999998
4017.0999999998
4018.1999999998
4019.2999999998
4020.3999999998
4021.4999999998
4022.5999999998
4023.6999999998
4024.7999999998
4025.8999999998
4026.9999999998
4028.0999999998
4029.1999999998
4030.2999999998
4031.3999999998
4032.4999999998
4033.5999999998
4034.6999999998
4035.7999999998
4036.8999999998
4037.9999999998
4039.0999999998
4040.1999999998
4041.2999999998
4042.3999999998
4043.4999999998
4044.5999999998
4045.6999999998
4046.7999999998
4047.8999999998
4048.9999999998
4050.0999999998
4051.1999999998
4052.2999999998
4053.3999999998
4054.4999999998
4055.5999999998
4056.6999999998
4057.7999999998
4058.8999999998
4059.9999999998
4061.0999999998
4062.1999999998
4063.2999999998
4064.3999999998
4065.4999999998
4066.5999999998
4067.6999999998
4068.7999999998
4069.8999999998
4070.9999999998
4072.0999999998
4073.1999999998
4074.2999999998
4075.3999999998
4076.4999999998
4077.5999999998
4078.6999999998
4079.7999999998
4080.8999999998
4081.9999999998
4083.0999999998
4084.1999999998
4085.2999999998
4086.3999999998
4087.4999999998
4088.5999999998
4089.6999999998
4090.7999999998
4091.8999999998
4092.9999999998
4094.0999999998
4095.1999999998
4096.2999999998
4097.3999999998
4098.4999999998
4099.5999999998
4100.6999999998
4101.7999999998
4102.8999999998
4103.9999999998
4105.0999999998
4106.1999999998
4107.2999999998
4108.3999999998
4109.4999999998
4110.5999999998
4111.6999999998
4112.7999999998
4113.8999999998
4114.9999999998
4116.0999999998
4117.1999999998
4118.2999999998
4119.3999999998
4120.4999999998
4121.5999999998
4122.6999999998
4123.7999999998
4124.8999999998
4125.9999999998
4127.0999999998
4128.1999999998
4129.2999999998
4130.3999999998
4131.4999999998
4132.5999999998
4133.6999999998
4134.7999999998
4135.8999999998
4136.9999999998
4138.0999999998
4139.1999999998
4140.2999999998
4141.3999999998
4142.4999999998
4143.5999999998
4144.6999999998
4145.7999999998
4146.8999999998
4147.9999999998
4149.0999999998
4150.1999999998
4151.2999999998
4152.3999999998
4153.4999999998
4154.5999999998
4155.6999999998
4156.7999999998
4157.8999999998
4158.9999999998
4160.0999999998
4161.1999999998
4162.2999999998
4163.3999999998
4164.4999999998
4165.5999999998
4166.6999999998
4167.7999999998
4168.8999999998
4169.9999999998
4171.0999999998
4172.1999999998
4173.2999999998
4174.3999999998
4175.4999999998
4176.5999999998
4177.6999999998
4178.7999999998
4179.8999999998
4180.9999999998
4182.0999999998
4183.1999999998
4184.2999999998
4185.3999999998
4186.4999999998
4187.5999999998
4188.6999999998
4189.7999999998
4190.8999999998
4191.9999999998
4193.0999999998
4194.1999999998
4195.2999999998
4196.3999999998
4197.4999999998
4198.5999999998
4199.6999999998
4200.7999999998
4201.8999999998
4202.9999999998
4204.0999999998
4205.1999999998
4206.2999999998
4207.3999999998
4208.4999999998
4209.5999999998
4210.6999999998
4211.7999999998
4212.8999999998
4213.9999999998
4215.0999999998
4216.1999999998
4217.2999999998
4218.3999999998
4219.4999999998
4220.5999999998
4221.6999999998
4222.7999999998
4223.8999999998
4224.9999999998
4226.0999999998
4227.1999999998
4228.2999999998
4229.3999999998
4230.4999999998
4231.5999999998
4232.6999999998
4233.7999999998
4234.8999999998
4235.9999999998
4237.0999999998
4238.1999999998
4239.2999999998
4240.3999999998
4241.4999999998
4242.5999999998
4243.6999999998
4244.7999999998
4245.8999999998
4246.9999999998
4248.0999999998
4249.1999999998
4250.2999999998
4251.3999999998
4252.4999999998
4253.5999999998
4254.6999999998
4255.7999999998
4256.8999999998
4257.9999999998
4259.0999999998
4260.1999999998
4261.2999999998
4262.3999999998
4263.4999999998
4264.5999999998
4265.6999999998
4266.7999999998
4267.8999999998
4268.9999999998
4270.0999999998
4271.1999999998
4272.2999999998
4273.3999999998
4274.4999999998
4275.5999999998
4276.6999999998
4277.7999999998
4278.8999999998
4279.9999999998
4281.0999999998
4282.1999999998
4283.2999999998
4284.3999999998
4285.4999999998
4286.5999999998
4287.6999999998
4288.7999999998
4289.8999999998
4290.9999999998
4292.0999999998
4293.1999999998
4294.2999999998
4295.3999999998
4296.4999999998
4297.5999999998
4298.6999999998
4299.7999999998
4300.8999999998
4301.9999999998
4303.0999999998
4304.1999999998
4305.2999999998
4306.3999999998
4307.4999999998
4308.5999999998
4309.6999999998
4310.7999999998
4311.8999999998
4312.9999999998
4314.0999999998
4315.1999999998
4316.2999999998
4317.3999999998
4318.4999999998
4319.5999999998
4320.6999999998
4321.7999999998
4322.8999999998
4323.9999999998
4325.0999999998
4326.1999999998
4327.2999999998
4328.3999999998
4329.4999999998
4330.5999999998
4331.6999999998
4332.7999999998
4333.8999999998
4334.9999999998
4336.0999999998
4337.1999999998
4338.2999999999
4339.3999999999
4340.4999999999
4341.5999999999
4342.6999999999
4343.7999999999
4344.8999999999
4345.9999999999
4347.0999999999
4348.1999999999
4349.2999999999
4350.3999999999
4351.4999999999
4352.5999999999
4353.6999999999
4354.7999999999
4355.8999999999
4356.9999999999
4358.0999999999
4359.1999999999
4360.2999999999
4361.3999999999
4362.4999999999
4363.5999999999
4364.6999999999
4365.7999999999
4366.8999999999
4367.9999999999
4369.0999999999
4370.1999999999
4371.2999999999
4372.3999999999
4373.4999999999
4374.5999999999
4375.6999999999
4376.7999999999
4377.8999999999
4378.9999999999
4380.0999999999
4381.1999999999
4382.2999999999
4383.3999999999
4384.4999999999
4385.5999999999
4386.6999999999
4387.7999999999
4388.8999999999
4389.9999999999
4391.0999999999
4392.1999999999
4393.2999999999
4394.3999999999
4395.4999999999
4396.5999999999
4397.6999999999
4398.7999999999
4399.8999999999
4400.9999999999
4402.0999999999
4403.1999999999
4404.2999999999
4405.3999999999
4406.4999999999
4407.5999999999
4408.6999999999
4409.7999999999
4410.8999999999
4411.9999999999
4413.0999999999
4414.1999999999
4415.2999999999
4416.3999999999
4417.4999999999
4418.5999999999
4419.6999999999
4420.7999999999
4421.8999999999
4422.9999999999
4424.0999999999
4425.1999999999
4426.2999999999
4427.3999999999
4428.4999999999
4429.5999999999
4430.6999999999
4431.7999999999
4432.8999999999
4433.9999999999
4435.0999999999
4436.1999999999
4437.2999999999
4438.3999999999
4439.4999999999
4440.5999999999
4441.6999999999
4442.7999999999
4443.8999999999
4444.9999999999
4446.0999999999
4447.1999999999
4448.2999999999
4449.3999999999
4450.4999999999
4451.5999999999
4452.6999999999
4453.7999999999
4454.8999999999
4455.9999999999
4457.0999999999
4458.1999999999
4459.2999999999
4460.3999999999
4461.4999999999
4462.5999999999
4463.6999999999
4464.7999999999
4465.8999999999
4466.9999999999
4468.0999999999
4469.1999999999
4470.2999999999
4471.3999999999
4472.4999999999
4473.5999999999
4474.6999999999
4475.7999999999
4476.8999999999
4477.9999999999
4479.0999999999
4480.1999999999
4481.2999999999
4482.3999999999
4483.4999999999
4484.5999999999
4485.6999999999
4486.7999999999
4487.8999999999
4488.9999999999
4490.0999999999
4491.1999999999
4492.2999999999
4493.3999999999
4494.4999999999
4495.5999999999
4496.6999999999
4497.7999999999
4498.8999999999
4499.9999999999
4501.0999999999
4502.1999999999
4503.2999999999
4504.3999999999
4505.4999999999
4506.5999999999
4507.6999999999
4508.7999999999
4509.8999999999
4510.9999999999
4512.0999999999
4513.1999999999
4514.2999999999
4515.3999999999
4516.4999999999
4517.5999999999
4518.6999999999
4519.7999999999
4520.8999999999
4521.9999999999
4523.0999999999
4524.1999999999
4525.2999999999
4526.3999999999
4527.4999999999
4528.5999999999
4529.6999999999
4530.7999999999
4531.8999999999
4532.9999999999
4534.0999999999
4535.1999999999
4536.2999999999
4537.3999999999
4538.4999999999
4539.5999999999
4540.6999999999
4541.7999999999
4542.8999999999
4543.9999999999
4545.0999999999
4546.1999999999
4547.2999999999
4548.3999999999
4549.4999999999
4550.5999999999
4551.6999999999
4552.7999999999
4553.8999999999
4554.9999999999
4556.0999999999
4557.1999999999
4558.2999999999
4559.3999999999
4560.4999999999
4561.5999999999
4562.6999999999
4563.7999999999
4564.8999999999
4565.9999999999
4567.0999999999
4568.1999999999
4569.2999999999
4570.3999999999
4571.4999999999
4572.5999999999
4573.6999999999
4574.7999999999
4575.8999999999
4576.9999999999
4578.0999999999
4579.1999999999
4580.2999999999
4581.3999999999
4582.4999999999
4583.5999999999
4584.6999999999
4585.7999999999
4586.8999999999
4587.9999999999
4589.0999999999
4590.1999999999
4591.2999999999
4592.3999999999
4593.4999999999
4594.5999999999
4595.6999999999
4596.7999999999
4597.8999999999
4598.9999999999
4600.0999999999
4601.1999999999
4602.2999999999
4603.3999999999
4604.4999999999
4605.5999999999
4606.6999999999
4607.7999999999
4608.8999999999
4609.9999999999
4611.0999999999
4612.1999999999
4613.2999999999
4614.3999999999
4615.4999999999
4616.5999999999
4617.6999999999
4618.7999999999
4619.8999999999
4620.9999999999
4622.0999999999
4623.1999999999
4624.2999999999
4625.3999999999
4626.4999999999
4627.5999999999
4628.6999999999
4629.7999999999
4630.8999999999
4631.9999999999
4633.0999999999
4634.1999999999
4635.2999999999
4636.3999999999
4637.4999999999
4638.5999999999
4639.6999999999
4640.7999999999
4641.8999999999
4643
4644.1
4645.2
4646.3
4647.4
4648.5
4649.6
4650.7
4651.8
4652.9
4654
4655.1
4656.2
4657.3
4658.4
4659.5
4660.6
4661.7
4662.8
4663.9
4665
4666.1
4667.2
4668.3
4669.4
4670.5
4671.6
4672.7
4673.8
4674.9
4676
4677.1
4678.2
4679.3
4680.4
4681.5
4682.6
4683.7
4684.8
4685.9
4687
4688.1
4689.2
4690.3
4691.4
4692.5
4693.6
4694.7
4695.8
4696.9
4698
4699.1
4700.2
4701.3
4702.4
4703.5
4704.6
4705.7
4706.8
4707.9
4709
4710.1
4711.2
4712.3
4713.4
4714.5
4715.6
4716.7
4717.8
4718.9
4720
4721.1
4722.2
4723.3
4724.4
4725.5
4726.6
4727.7
4728.8
4729.9
4731
4732.1
4733.2
4734.3
4735.4
4736.5
4737.6
4738.7
4739.8
4740.9
4742
4743.1
4744.2
4745.3
4746.4
4747.5
4748.6
4749.7
4750.8
4751.9
4753
4754.1
4755.2
4756.3
4757.4
4758.5
4759.6
4760.7
4761.8
4762.9
4764
4765.1
4766.2
4767.3
4768.4
4769.5
4770.6
4771.7
4772.8
4773.9
4775
4776.1
4777.2
4778.3
4779.4
4780.5
4781.6
4782.7
4783.8
4784.9
4786
4787.1
4788.2
4789.3
4790.4
4791.5
4792.6
4793.7
4794.8
4795.9
4797
4798.1
4799.2
4800.3
4801.4
4802.5
4803.6
4804.7
4805.8
4806.9
4808
4809.1
4810.2
4811.3
4812.4
4813.5
4814.6
4815.7
4816.8
4817.9
4819
4820.1
4821.2
4822.3
4823.4
4824.5
4825.6
4826.7
4827.8
4828.9
4830
4831.1
4832.2
4833.3
4834.4
4835.5
4836.6
4837.7
4838.8
4839.9
4841
4842.1
4843.2
4844.3
4845.4
4846.5
4847.6
4848.7
4849.8
4850.9
4852
4853.1
4854.2
4855.3
4856.4
4857.5
4858.6
4859.7
4860.8
4861.9
4863
4864.1
4865.2
4866.3
4867.4
4868.5
4869.6
4870.7
4871.8
4872.9
4874
4875.1
4876.2
4877.3
4878.4
4879.5
4880.6
4881.7
4882.8
4883.9
4885
4886.1
4887.2
4888.3
4889.4
4890.5
4891.6
4892.7
4893.8
4894.9
4896
4897.1
4898.2
4899.3
4900.4
4901.5
4902.6
4903.7
4904.8
4905.9
4907
4908.1
4909.2
4910.3
4911.4
4912.5
4913.6
4914.7
4915.8
4916.9
4918
4919.1
4920.2
4921.3
4922.4
4923.5
4924.6
4925.7
4926.8
4927.9
4929
4930.1
4931.2
4932.3
4933.4
4934.5
4935.6
4936.7
4937.8
4938.9
4940
4941.1
4942.2
4943.3000000001
4944.4000000001
4945.5000000001
4946.6000000001
4947.7000000001
4948.8000000001
4949.9000000001
4951.0000000001
4952.1000000001
4953.2000000001
4954.3000000001
4955.4000000001
4956.5000000001
4957.6000000001
4958.7000000001
4959.8000000001
4960.9000000001
4962.0000000001
4963.1000000001
4964.2000000001
4965.3000000001
4966.4000000001
4967.5000000001
4968.6000000001
4969.7000000001
4970.8000000001
4971.9000000001
4973.0000000001
4974.1000000001
4975.2000000001
4976.3000000001
4977.4000000001
4978.5000000001
4979.6000000001
4980.7000000001
4981.8000000001
4982.9000000001
4984.0000000001
4985.1000000001
4986.2000000001
4987.3000000001
4988.4000000001
4989.5000000001
4990.6000000001
4991.7000000001
4992.8000000001
4993.9000000001
4995.0000000001
4996.1000000001
4997.2000000001
4998.3000000001
4999.4000000001
5000.5000000001
5001.6000000001
5002.7000000001
5003.8000000001
5004.9000000001
5006.0000000001
5007.1000000001
5008.2000000001
5009.3000000001
5010.4000000001
5011.5000000001
5012.6000000001
5013.7000000001
5014.8000000001
5015.9000000001
5017.0000000001
5018.1000000001
5019.2000000001
5020.3000000001
5021.4000000001
5022.5000000001
5023.6000000001
5024.7000000001
5025.8000000001
5026.9000000001
5028.0000000001
5029.1000000001
5030.2000000001
5031.3000000001
5032.4000000001
5033.5000000001
5034.6000000001
5035.7000000001
5036.8000000001
5037.9000000001
5039.0000000001
5040.1000000001
5041.2000000001
5042.3000000001
5043.4000000001
5044.5000000001
5045.6000000001
5046.7000000001
5047.8000000001
5048.9000000001
5050.0000000001
5051.1000000001
5052.2000000001
5053.3000000001
5054.4000000001
5055.5000000001
5056.6000000001
5057.7000000001
5058.8000000001
5059.9000000001
5061.0000000001
5062.1000000001
5063.2000000001
5064.3000000001
5065.4000000001
5066.5000000001
5067.6000000001
5068.7000000001
5069.8000000001
5070.9000000001
5072.0000000001
5073.1000000001
5074.2000000001
5075.3000000001
5076.4000000001
5077.5000000001
5078.6000000001
5079.7000000001
5080.8000000001
5081.9000000001
5083.0000000001
5084.1000000001
5085.2000000001
5086.3000000001
5087.4000000001
5088.5000000001
5089.6000000001
5090.7000000001
5091.8000000001
5092.9000000001
5094.0000000001
5095.1000000001
5096.2000000001
5097.3000000001
5098.4000000001
5099.5000000001
5100.6000000001
5101.7000000001
5102.8000000001
5103.9000000001
5105.0000000001
5106.1000000001
5107.2000000001
5108.3000000001
5109.4000000001
5110.5000000001
5111.6000000001
5112.7000000001
5113.8000000001
5114.9000000001
5116.0000000001
5117.1000000001
5118.2000000001
5119.3000000001
5120.4000000001
5121.5000000001
5122.6000000001
5123.7000000001
5124.8000000001
5125.9000000001
5127.0000000001
5128.1000000001
5129.2000000001
5130.3000000001
5131.4000000001
5132.5000000001
5133.6000000001
5134.7000000001
5135.8000000001
5136.9000000001
5138.0000000001
5139.1000000001
5140.2000000001
5141.3000000001
5142.4000000001
5143.5000000001
5144.6000000001
5145.7000000001
5146.8000000001
5147.9000000001
5149.0000000001
5150.1000000001
5151.2000000001
5152.3000000001
5153.4000000001
5154.5000000001
5155.6000000001
5156.7000000001
5157.8000000001
5158.9000000001
5160.0000000001
5161.1000000001
5162.2000000001
5163.3000000001
5164.4000000001
5165.5000000001
5166.6000000001
5167.7000000001
5168.8000000001
5169.9000000001
5171.0000000001
5172.1000000001
5173.2000000001
5174.3000000001
5175.4000000001
5176.5000000001
5177.6000000001
5178.7000000001
5179.8000000001
5180.9000000001
5182.0000000001
5183.1000000001
5184.2000000001
5185.3000000001
5186.4000000001
5187.5000000001
5188.6000000001
5189.7000000001
5190.8000000001
5191.9000000001
5193.0000000001
5194.1000000001
5195.2000000001
5196.3000000001
5197.4000000001
5198.5000000001
5199.6000000001
5200.7000000001
5201.8000000001
5202.9000000001
5204.0000000001
5205.1000000001
5206.2000000001
5207.3000000001
5208.4000000001
5209.5000000001
5210.6000000001
5211.7000000001
5212.8000000001
5213.9000000001
5215.0000000001
5216.1000000001
5217.2000000001
5218.3000000001
5219.4000000001
5220.5000000001
5221.6000000001
5222.7000000001
5223.8000000001
5224.9000000001
5226.0000000001
5227.1000000001
5228.2000000001
5229.3000000001
5230.4000000001
5231.5000000001
5232.6000000001
5233.7000000001
5234.8000000001
5235.9000000001
5237.0000000001
5238.1000000001
5239.2000000001
5240.3000000001
5241.4000000001
5242.5000000001
5243.6000000001
5244.7000000001
5245.8000000001
5246.9000000002
5248.0000000002
5249.1000000002
5250.2000000002
5251.3000000002
5252.4000000002
5253.5000000002
5254.6000000002
5255.7000000002
5256.8000000002
5257.9000000002
5259.0000000002
5260.1000000002
5261.2000000002
5262.3000000002
5263.4000000002
5264.5000000002
5265.6000000002
5266.7000000002
5267.8000000002
5268.9000000002
5270.0000000002
5271.1000000002
5272.2000000002
5273.3000000002
5274.4000000002
5275.5000000002
5276.6000000002
5277.7000000002
5278.8000000002
5279.9000000002
5281.0000000002
5282.1000000002
5283.2000000002
5284.3000000002
5285.4000000002
5286.5000000002
5287.6000000002
5288.7000000002
5289.8000000002
5290.9000000002
5292.0000000002
5293.1000000002
5294.2000000002
5295.3000000002
5296.4000000002
5297.5000000002
5298.6000000002
5299.7000000002
5300.8000000002
5301.9000000002
5303.0000000002
5304.1000000002
5305.2000000002
5306.3000000002
5307.4000000002
5308.5000000002
5309.6000000002
5310.7000000002
5311.8000000002
5312.9000000002
5314.0000000002
5315.1000000002
5316.2000000002
5317.3000000002
5318.4000000002
5319.5000000002
5320.6000000002
5321.7000000002
5322.8000000002
5323.9000000002
5325.0000000002
5326.1000000002
5327.2000000002
5328.3000000002
5329.4000000002
5330.5000000002
5331.6000000002
5332.7000000002
5333.8000000002
5334.9000000002
5336.0000000002
5337.1000000002
5338.2000000002
5339.3000000002
5340.4000000002
5341.5000000002
5342.6000000002
5343.7000000002
5344.8000000002
5345.9000000002
5347.0000000002
5348.1000000002
5349.2000000002
5350.3000000002
5351.4000000002
5352.5000000002
5353.6000000002
5354.7000000002
5355.8000000002
5356.9000000002
5358.0000000002
5359.1000000002
5360.2000000002
5361.3000000002
5362.4000000002
5363.5000000002
5364.6000000002
5365.7000000002
5366.8000000002
5367.9000000002
5369.0000000002
5370.1000000002
5371.2000000002
5372.3000000002
5373.4000000002
5374.5000000002
5375.6000000002
5376.7000000002
5377.8000000002
5378.9000000002
5380.0000000002
5381.1000000002
5382.2000000002
5383.3000000002
5384.4000000002
5385.5000000002
5386.6000000002
5387.7000000002
5388.8000000002
5389.9000000002
5391.0000000002
5392.1000000002
5393.2000000002
5394.3000000002
5395.4000000002
5396.5000000002
5397.6000000002
5398.7000000002
5399.8000000002
5400.9000000002
5402.0000000002
5403.1000000002
5404.2000000002
5405.3000000002
5406.4000000002
5407.5000000002
5408.6000000002
5409.7000000002
5410.8000000002
5411.9000000002
5413.0000000002
5414.1000000002
5415.2000000002
5416.3000000002
5417.4000000002
5418.5000000002
5419.6000000002
5420.7000000002
5421.8000000002
5422.9000000002
5424.0000000002
5425.1000000002
5426.2000000002
5427.3000000002
5428.4000000002
5429.5000000002
5430.6000000002
5431.7000000002
5432.8000000002
5433.9000000002
5435.0000000002
5436.1000000002
5437.2000000002
5438.3000000002
5439.4000000002
5440.5000000002
5441.6000000002
5442.7000000002
5443.8000000002
5444.9000000002
5446.0000000002
5447.1000000002
5448.2000000002
5449.3000000002
5450.4000000002
5451.5000000002
5452.6000000002
5453.7000000002
5454.8000000002
5455.9000000002
5457.0000000002
5458.1000000002
5459.2000000002
5460.3000000002
5461.4000000002
5462.5000000002
5463.6000000002
5464.7000000002
5465.8000000002
5466.9000000002
5468.0000000002
5469.1000000002
5470.2000000002
5471.3000000002
5472.4000000002
5473.5000000002
5474.6000000002
5475.7000000002
5476.8000000002
5477.9000000002
5479.0000000002
5480.1000000002
5481.2000000002
5482.3000000002
5483.4000000002
5484.5000000002
5485.6000000002
5486.7000000002
5487.8000000002
5488.9000000002
5490.0000000002
5491.1000000002
5492.2000000002
5493.3000000002
5494.4000000002
5495.5000000002
5496.6000000002
5497.7000000002
5498.8000000002
5499.9000000002

